  [1]       10403         624 -1464568010 -1178127297   376113524  1822782949  -580843166  1032879483   546224768   205772929
 [11]   483650638  -989712265   263051852  1016703709    -6812678  1901545779  2060465368   541149433  1844778086 -1817148497
 [21] -1095215580  1814089429   261845394  -707765269   678398512 -1786374031 -1542434946 -2070475289  -426648324  -402472499
 [31] -1344693718  2017367459   224008840  1594369769 -1435894378  -698962145 -1183985964  -549231675 -1731402302 -1451174309
 [41]   493438432   733566049 -1055752530   183256919   103517100 -1297967939  -495209382  1502739987   568486968   235372761
 [51]   510014150 -1154435441   366375812  -736349003  2113431026  -485954357   787934608   324832337 -1064470050  -631710521
 [61]   958785116 -1771560019  -555656566  1184400003  -918279704  -878815543  1862054902  1769314815   100484148  -327532123
 [71]  -723455454  -695230661 -1152155328 -1062289343  -336314098 -1695297993  1156312332   419589789 -1792176966  1381573363
 [81] -1692773480  -571758407  1442873638  1713133935 -1901248284  1307347605  -200701358  1912335787    -8781584  -944836559
 [91] -1183198146 -1970005081 -1717002308  1004565901  -834450710  -509943965  1707075912   583956137  -771450282    64746719
[101]   930179476 -1849553019 -1565184382 -1393240037  -953848672  -870573023   -65981586  -321862377    38207084  1815165053
[111]  1539675418   451196883  -565187848    -1720167  1448869766  -752128945 -1164657084 -1257648011  1223089842  -119447925
[121]   483443792  1903510545   325934750  2063649415  1416759580  1927526253  1209494346  1451076675  1353013416  1385203337
[131]   -82202442   306298815 -1256046860   143838565   526490338 -1326939909  -105445376  1257859073   469849550  -734319625
[141]   546619340  1688662621   106679674 -1905476429  1331376728  1609418873 -1391415834   487976751  1457843108   552339029
[151]  1604870930 -1980678293  -170707024  -878213135   520100094  -313071257  1641685628 -1846941363 -1569342550  -830936797
[161]  1674344456  -992180631  1574172438  -580978017   308790356  -966493371  1946040130    44210651  -136293536   910074849
[171]  1113368622 -2132081961   774713644  1994103869  -251120166 -1540804205 -1105974856  1710997593   867601478   982770191
[181]  1291176196  -452252619   661002098  -748449717  -447128816 -1925334063  -120978594  2135849031  1715006428 -1419048147
[191] -1082770422 -1899719165  -452114584  1605006921 -1177850506 -1981045377   244971956  2091850021  -710736990  1583030971
[201]  1383681728 -2098999359   834349710  2123909559  1701335692  -750307811    65195578  1867650675  1716703512  -167270343
[211]   266705574   -27441937 -1306569116 -1864416747 -1690829870   527454507   842739312  1764745137 -1989993026   715093799
[221] -1310300868 -1914757875   221310058  -124210461 -2042640696 -2064493015   446174166   413122655 -1794056428   418031365
[231] -2056781822   474618779 -2040923616   568388513  2025118958 -1258618729 -1398922260  1717682173 -1291610470   522152787
[241]  -269539208  1879670809 -1288316666   388634575  -944139324  -270514187 -1036644302  1414496779   256946640   242611089
[251] -2057082850  1157752327  1094356636 -1010950419 -2051158838 -1993523261  1698428456   313271817  -674108874  1714637631
[261] -1121684364  -997251867  -798675870   816284795   -61188736     3012481  1910619982  1741367159 -1775852212  -660391459
[271]   -24998150   -20369357  1858154456 -1342617607  -616609946   263346863   -82018012   159792597 -1351068526  -197582101
[281] -1687034576   671610737  1835197054 -2144484121 -1131583492 -1820323635 -1355490006  -642106205   198825352  1657791977
[291] -1794051946   727598623  -903038508  -451636539   263358658   732650843   156393696   113439585  1138348462   918601303
[301]  1616500396 -1903975491  1920448346  1971807507  1654712120   231669721 -1852185146  1320029583  -442491260   558441397
[311] -2112435982   493171659  -512309104  1558047569 -1913025314  -371518521  2016866652    -6491475 -1683087990 -1619547773
[321]  1878090984  1263900105  1106061046   -52907777   729919284   468906149 -1469573854   965584443  -300278720   446160705
[331]  -516615154   496223543  -175130612 -1468334691   653987770   110234099 -1218031976  1568843705   735949862   383070319
[341]  1285319652 -1230964331  1697213778 -1978944341  -667460624  1341116209    -4233410  -339619161  1955539644  -963853171
[351]  -381579798 -1415739805  -212163512   506803625   436112726  1264225247  2088457364  1185037957   194892162   579231515
[361]  -678852704   480557857   143361646  1945910295  -333428372    50415485 -1071343590  1361125075  -991336968  -284409959
[371]  1268953734 -2032155825   560556356 -2063220875 -1882701390 -1872452213  1653317456 -1607097583 -1488162402  1268384135
[381]  1575883804  1657243245 -1039716790  -345779389  1676514216 -1452882551 -1529011274  1671157439 -2072925708  2124053605
[391] -1234453022  1254983675  -562519296  -371095807  1148528846  -307092745 -2040296756   915308893  1846300794   275555251
[401]  1325542744 -1906063495  -561979162 -1719286225 -2124474716 -2081458859  1158366738   581437035  1330352816  -391682319
[411]   892906494   723230823 -1934905988   180697165  -602472790  1744998435   -75353336   920798569 -1239356906  1851036063
[421]   918335316   424913477   837409346 -1298456357   129986144  1531331297  -343278802 -1704101417 -1296991188 -1751471299
[431]  -322291494   464296083 -2054642504 -2088681639   504381254   629094671 -1244302332  -422175947  -737510798  -821176501
[441]  1498363408 -1069737263   639374942   134131527    85980892 -1325540819  2039021322  1186053379  1609597544 -1935690423
[451]  1835130998  1883028607 -1296800588 -1471821787   321922722  -165205573  1144383936  1170927297   543292814  -437894985
[461]   190979468   916309277 -2072620742  1712913779    72666136 -1839421639 -1880568410  -578544657   874807652   489795861
[471] -1747067182 -1077012437   661555568 -1175535951 -1030836034 -1141166553  2007167036    65629197  1752510314  -928425501
[481] -1559199288  -325642967   909641430  1242322783  1135659540  -118958587   -78208254  1302962843  1890850080  2053606049
[491]  -778752018 -1747683433  -691179796  -535834883   153655706   -18230701  -750869640   -85065959    94538758  1347186383
[501] -1650180412  -763742475  -140676302 -1155479285  1283558608  1689539217   522746654  2093554951  1082956188  1845489133
[511]    49516490  1260480195  1119498536   348153097  -935633610 -1199873473  1628036980   347395045 -1753919646 -1923445893
[521]  1444016256  -971762047 -1178889650  -739238281   122384460   476629213  -621211142   290920243  1713253080  2033010425
[531] -1663731098  -393203281 -1079202780  -299389739  1717647250   591260139  1197490224  1267062385   478246270  -601850905
[541]  1748300540   364470221   790372394  1196549027   684036232  1058252009   654566294  1413602591 -1374182188  1092731333
[551] -1599853630   628221019 -1457030176  -238513567  1600988334   435238231   993272236   807449277  -436225446  -459748333
[561] -1664392648  1158840025 -1088841530  -318282609 -1818900092 -1817046347  1665215474  -161645877 -2099076208  -178566575
[571]  1731305438  -944158009 -1561068452  -577912403  1594286218  1383256195 -1425367064   562615497 -1574331914 -1843935233
[581]   -97379788    -5791835  -604293086   573025595   181188416 -1031995839   356640526  1167047735 -1126202612   464489629
[591] -1571515718  -605622029 -1021425256   311797433   570877734 -2140534929  1052219108   579954837  2035634258  -826836053
[601]  1440790256  -450056655  2010184254 -1991538265  1361163708  1677005709 -1865690902   498871651 -1956552888  -300419927
[611]  -716930986 -1028316449  1085357972   230583685   445805698   733210139   131703456  -114730463  -103687826 -1903971561
[621] -2103077780 -1685236099   336567066  1987675603 -1863393032   296664729